pve-storage-9.0/pve/web_packages:1773258001:8845780553728:7385079197696
pve-vm-9.0/107:0:debian1:stopped:0:1773258000:4:U:4294967296:U:34359738368:0:U:U:U:U:U:U:U:U:U:U:U
pve-node-9.0/pve:119525::1773258000:4.41:16:0.280907910198528:0.129940008658544:66921267200:24937156608:8589930496:782336:100861726720:38596300800:2320313032151:2310321702220:41984110592:3840:5.80:27.64:21.04:0.00:0.00
pve-vm-9.0/106:0:debian:stopped:0:1773258000:2:U:2147483648:U:8589934592:0:U:U:U:U:U:U:U:U:U:U:U
pve-storage-9.0/pve/local:1773258001:100861726720:38596300800
pve-vm-9.0/105:119317:openclaw3:running:0:1773258000:4:0.005771249692298:8388608000:1878327296:34359738368:0:577571576:98460474:841433750:1923624960:2940098560:0:0:0:0:0:0
pve-storage-9.0/pve/local-lvm:1773258001:852878163968:517355894262
pve-vm-9.0/104:0:openclaw:stopped:0:1773258000:2:U:6291456000:U:34359738368:0:U:U:U:U:U:U:U:U:U:U:U
pve-vm-9.0/100:87269:docker:running:0:1773258000:8:0.366438050179672:25165824000:9205104640:157934215168:131096100864:767699677424:30048946306:65420084224:112715671552:U:7.16:0.00:35.51:27.53:0.00:0.00
pve-vm-9.0/103:119507:haos-16.3:running:0:1773258000:8:0.187325146262506:8589934592:8626805760:210453397504:0:387895667043:353287714950:58875704832:156259389440:8626805760:0:0:0:0:0:0
pve-vm-9.0/102:119516:pulse:running:0:1773258000:2:0.00386977632196242:1073741824:637698048:4143677440:1871056896:1608908261:11491571851:453713920:145072259072:U:0.00:0.00:0.00:0.00:0.00:0.00
pve-vm-9.0/108:0:haos-16.3:stopped:0:1773258000:8:U:8589934592:U:210453397504:0:U:U:U:U:U:U:U:U:U:U:U
pve-storage-9.0/pve/nas-backup:1773258001:8845780553728:7385079197696
