pve-storage-9.0/pve/web_packages:1773171564:8845780553728:7320418861056
pve-vm-9.0/107:0:debian1:stopped:0:1773171564:4:U:4294967296:U:34359738368:0:U:U:U:U:U:U:U:U:U:U:U
pve-node-9.0/pve:33089::1773171564:4.65:16:0.260936253757899:0.134364071415424:66921267200:21290934272:8589930496:0:100861726720:38506086400:667803918067:603609685345:45630332928:3840:4.98:26.41:20.09:0.00:0.00
pve-vm-9.0/106:0:debian:stopped:0:1773171564:2:U:2147483648:U:8589934592:0:U:U:U:U:U:U:U:U:U:U:U
pve-storage-9.0/pve/local:1773171564:100861726720:38510546944
pve-vm-9.0/105:32880:openclaw3:running:0:1773171564:4:0.00479562853316106:8388608000:1777774592:34359738368:0:161869693:33358027:822682262:572149760:2435500032:0:0:0:0:0:0
pve-storage-9.0/pve/local-lvm:1773171564:852878163968:515223698853
pve-vm-9.0/104:0:openclaw:stopped:0:1773171564:2:U:6291456000:U:34359738368:0:U:U:U:U:U:U:U:U:U:U:U
pve-vm-9.0/100:832:docker:running:0:1773171564:8:0.318701620899881:25165824000:6295416832:157934215168:130975293440:7376453403:288573612:4241589248:1222393856:U:6.28:0.00:34.26:26.54:0.00:0.00
pve-vm-9.0/103:33071:haos-16.3:running:0:1773171564:8:0.176838802160314:8589934592:8618536960:210453397504:0:118039493089:101542202901:3961416192:39858451968:8618536960:0:0:0:0:0:0
pve-vm-9.0/102:33080:pulse:running:0:1773171564:2:0.00392875525490998:1073741824:431108096:4143677440:1847107584:458787830:7421198751:427655168:40245387264:U:0.00:0.00:0.00:0.00:0.00:0.00
pve-vm-9.0/108:0:haos-16.3:stopped:0:1773171564:8:U:8589934592:U:210453397504:0:U:U:U:U:U:U:U:U:U:U:U
pve-storage-9.0/pve/nas-backup:1773171564:8845780553728:7320418861056
