pve-storage-9.0/pve/web_packages:1773171724:8845780553728:7321694371840
pve-vm-9.0/107:0:debian1:stopped:0:1773171724:4:U:4294967296:U:34359738368:0:U:U:U:U:U:U:U:U:U:U:U
pve-node-9.0/pve:33249::1773171724:6.51:16:0.257876312718786:0.137443959958239:66921267200:21282435072:8589930496:0:100861726720:38569791488:671524392352:606808309307:45638832128:3840:5.08:27.83:21.26:0.00:0.00
pve-vm-9.0/106:0:debian:stopped:0:1773171724:2:U:2147483648:U:8589934592:0:U:U:U:U:U:U:U:U:U:U:U
pve-storage-9.0/pve/local:1773171724:100861726720:38569791488
pve-vm-9.0/105:33040:openclaw3:running:0:1773171724:4:0.0076585356846444:8388608000:1778147328:34359738368:0:162730058:34018484:822682262:575352832:2427161600:0:0:0:0:0:0
pve-storage-9.0/pve/local-lvm:1773171724:852878163968:515223698853
pve-vm-9.0/104:0:openclaw:stopped:0:1773171724:2:U:6291456000:U:34359738368:0:U:U:U:U:U:U:U:U:U:U:U
pve-vm-9.0/100:993:docker:running:0:1773171724:8:0.316490154174573:25165824000:6349242368:157934215168:130913685504:8851852227:344520319:4377273344:1431957504:U:6.27:0.00:36.28:28.38:0.00:0.00
pve-vm-9.0/103:33231:haos-16.3:running:0:1773171724:8:0.18727513041357:8589934592:8618547200:210453397504:0:118955224386:102147378728:3961764352:40030876160:8618547200:0:0:0:0:0:0
pve-vm-9.0/102:33240:pulse:running:0:1773171724:2:0.00377809655497802:1073741824:356737024:4143677440:1847107584:460948809:7421884012:427671552:40378691584:U:0.00:0.00:0.00:0.00:0.00:0.00
pve-vm-9.0/108:0:haos-16.3:stopped:0:1773171724:8:U:8589934592:U:210453397504:0:U:U:U:U:U:U:U:U:U:U:U
pve-storage-9.0/pve/nas-backup:1773171724:8845780553728:7321694371840
