pve-storage-9.0/pve/web_packages:1773228300:8845780553728:7384251650048
pve-vm-9.0/107:0:debian1:stopped:0:1773228300:4:U:4294967296:U:34359738368:0:U:U:U:U:U:U:U:U:U:U:U
pve-node-9.0/pve:89825::1773228300:4.86:16:0.216615594143684:0.0783792986040177:66921267200:23851438080:8589930496:786432:100861726720:38575382528:1670065713571:1721495247650:43069829120:3840:3.10:17.23:12.82:0.00:0.00
pve-vm-9.0/106:0:debian:stopped:0:1773228300:2:U:2147483648:U:8589934592:0:U:U:U:U:U:U:U:U:U:U:U
pve-storage-9.0/pve/local:1773228300:100861726720:38575382528
pve-vm-9.0/105:89616:openclaw3:running:0:1773228300:4:0.00584488495111892:8388608000:3175415808:34359738368:0:430456523:73828560:840802966:1482846208:3943546880:0:0:0:0:0:0
pve-storage-9.0/pve/local-lvm:1773228300:852878163968:516758879548
pve-vm-9.0/104:0:openclaw:stopped:0:1773228300:2:U:6291456000:U:34359738368:0:U:U:U:U:U:U:U:U:U:U:U
pve-vm-9.0/100:57568:docker:running:0:1773228300:8:0.269956586092644:25165824000:7491821568:157934215168:130988662784:478945118174:17306746868:46480942080:72607537152:U:3.91:0.00:23.05:17.76:0.00:0.00
pve-vm-9.0/103:89806:haos-16.3:running:0:1773228300:8:0.162461233982237:8589934592:8626293760:210453397504:0:264669048164:245900911468:58375455232:118773467136:8626293760:0:0:0:0:0:0
pve-vm-9.0/102:89815:pulse:running:0:1773228300:2:0.00419392897445644:1073741824:488857600:4143677440:1869791232:1207221414:7751983431:449482752:106244280320:U:0.00:0.00:0.00:0.00:0.00:0.00
pve-vm-9.0/108:0:haos-16.3:stopped:0:1773228300:8:U:8589934592:U:210453397504:0:U:U:U:U:U:U:U:U:U:U:U
pve-storage-9.0/pve/nas-backup:1773228300:8845780553728:7384251650048
