pve-storage-9.0/pve/web_packages:1773344417:8845780553728:7455961927680
pve-vm-9.0/107:0:debian1:stopped:0:1773344417:4:U:4294967296:U:34359738368:0:U:U:U:U:U:U:U:U:U:U:U
pve-node-9.0/pve:205942::1773344417:10.66:16:0.313559322033898:0.125084745762712:66921267200:25185435648:8589930496:782336:100861726720:38613016576:4253263565882:4262810164866:41735831552:3840:6.15:26.86:20.19:0.00:0.00
pve-vm-9.0/106:0:debian:stopped:0:1773344417:2:U:2147483648:U:8589934592:0:U:U:U:U:U:U:U:U:U:U:U
pve-storage-9.0/pve/local:1773344417:100861726720:38613016576
pve-vm-9.0/105:205733:openclaw3:running:0:1773344417:4:0.00690288778107018:8388608000:1926430720:34359738368:0:1066782460:162731380:842154646:3196530688:2938064896:0:0:0:0:0:0
pve-storage-9.0/pve/local-lvm:1773344417:852878163968:531428383968
pve-vm-9.0/104:0:openclaw:stopped:0:1773344417:2:U:6291456000:U:34359738368:0:U:U:U:U:U:U:U:U:U:U:U
pve-vm-9.0/100:173685:docker:running:0:1773344417:8:0.349165130897839:25165824000:9244332032:157934215168:131208097792:1546660801750:57351941674:123131753472:242058096640:U:8.01:0.00:35.12:26.97:0.00:0.00
pve-vm-9.0/103:205923:haos-16.3:running:0:1773344417:8:0.253548378112385:8589934592:8631369728:210453397504:0:914188482683:839037713887:111199890432:352117657088:8631369728:0:0:0:0:0:0
pve-vm-9.0/102:205932:pulse:running:0:1773344417:2:0.00590495795891715:1073741824:578162688:4143677440:1901158400:2763362021:15461575915:542257152:254746742784:U:0.06:0.00:0.00:0.00:0.00:0.00
pve-vm-9.0/108:0:haos-16.3:stopped:0:1773344417:8:U:8589934592:U:210453397504:0:U:U:U:U:U:U:U:U:U:U:U
pve-storage-9.0/pve/nas-backup:1773344417:8845780553728:7455961927680
