pve-storage-9.0/pve/web_packages:1773314697:8845780553728:7434315300864
pve-vm-9.0/107:0:debian1:stopped:0:1773314697:4:U:4294967296:U:34359738368:0:U:U:U:U:U:U:U:U:U:U:U
pve-node-9.0/pve:176222::1773314697:5.17:16:0.238755723134931:0.086520333961756:66921267200:23798882304:8589930496:782336:100861726720:38592798720:3623289279952:3691023371836:43122384896:3840:4.28:19.93:14.98:0.00:0.00
pve-vm-9.0/106:0:debian:stopped:0:1773314697:2:U:2147483648:U:8589934592:0:U:U:U:U:U:U:U:U:U:U:U
pve-storage-9.0/pve/local:1773314697:100861726720:38592798720
pve-vm-9.0/105:176013:openclaw3:running:0:1773314697:4:0.00762930140896196:8388608000:1919156224:34359738368:0:894219067:141996814:841892502:2752266240:2941448192:0:0:0:0:0:0
pve-storage-9.0/pve/local-lvm:1773314697:852878163968:531172520519
pve-vm-9.0/104:0:openclaw:stopped:0:1773314697:2:U:6291456000:U:34359738368:0:U:U:U:U:U:U:U:U:U:U:U
pve-vm-9.0/100:143965:docker:running:0:1773314697:8:0.289514944168282:25165824000:8017170432:157934215168:131131641856:1256701933817:46688383998:103181992960:198960662528:U:5.16:0.00:26.60:20.22:0.00:0.00
pve-vm-9.0/103:176203:haos-16.3:running:0:1773314697:8:0.164293059651612:8589934592:8631267328:210453397504:0:813148487141:751531016344:110278887424:316001470976:8631267328:0:0:0:0:0:0
pve-vm-9.0/102:176212:pulse:running:0:1773314697:2:0.00435195140125473:1073741824:462336000:4143677440:1890988032:2348696318:11722420163:501362688:215574671360:U:0.00:0.00:0.00:0.00:0.00:0.00
pve-vm-9.0/108:0:haos-16.3:stopped:0:1773314697:8:U:8589934592:U:210453397504:0:U:U:U:U:U:U:U:U:U:U:U
pve-storage-9.0/pve/nas-backup:1773314697:8845780553728:7434315300864
